56685
13375
8230
59077
53969
54777
19527
53444
63796
4560
9362
58096
28947
18653
19288
19937
46672
65317
45169
7360
58866
46091
29882
4978
6030
34602
8287
56772
44277
17372
35892
53178
40162
14969
24674
48782
339
38345
20216
10621
9607
16749
42698
57196
5054
41768
42322
3320
11356
18809
9427
35840
43308
46567
12671
62555
29803
50501
29835
15200
24135
9168
45503
14208
16594
13114
13022
38103
58450
52535
34605
18712
41107
8811
33714
24438
36271
25616
46562
43436
11257
64021
13690
2314
26949
20693
56947
17164
52882
7210
55484
48928
64889
41662
972
53526
56827
55177
26446
60214
27789
55583
27643
63224
51952
49901
1637
16709
28018
31749
36211
41541
12129
34221
1460
30251
3449
27234
50629
26506
55683
51151
32036
8645
41077
31829
35311
38466
47380
65310
53751
18081
40484
39008
56245
56386
16725
4908
64350
30626
27906
41640
4767
29456
59242
24186
38337
39439
17367
48516
29335
64439
57887
26426
45909
53446
23715
11003
40261
24580
13647
50772
57275
13224
44218
48877
42646
19016
24666
6054
64445
38001
14124
14872
30747
1799
48252
31413
28005
47230
55258
5678
14887
60972
46304
7986
40975
7504
5831
17310
44245
50102
34760
38171
63265
37824
11399
6622
46696
55782
11562
7254
9616
48174
57825
17225
61343
8557
21642
64514
21358
46119
24066
48610
41463
48672
10515
65007
39430
5198
18393
8841
32515
10542
45067
34539
9823
45951
55419
17538
21300
25573
9025
26849
49444
33391
40342
58192
6609
16499
40466
30698
37438
14681
46191
39232
8957
20550
53521
8144
46509
32614
14048
26930
28658
39393
13698
46006
40551
43487
27982
20082
1251
53853
26406
62923
21319
12138
6555
63929
45871
30941
57358
24899
18776
29131
55421
30366
51654
56500
20349
5385
65026
36603
10188
52495
11507
51462
10745
55767
31470
32900
6564
53922
37361
19222
56868
41637
40087
61042
7542
18393
65016
51867
20214
4779
19429
49500
37210
3477
13220
30143
53625
2137
55893
44338
65357
46951
27887
54453
61714
59656
22391
42231
798
65397
39699
13039
43780
27973
1482
25982
55098
43293
26903
28277
42679
63988
3140
3026
28579
12180
26841
42980
11747
9911
8469
63987
56242
13860
9678
16394
19649
61010
12637
8943
24697
4044
21472
35384
36808
10740
63736
13734
24295
56415
62477
40102
18858
25753
5264
931
41470
43379
5052
45730
10639
51208
22422
61415
8898
48549
48867
42570
11974
57599
5853
10126
43178
46361
55420
8729
46180
15518
42982
58535
61118
24121
53211
19587
25748
27953
35881
432
7856
22021
38121
55906
24705
55505
40671
45698
33936
15248
49240
42754
53030
53389
8991
19879
22257
62068
41027
10998
21113
54027
48977
44905
20640
54354
48362
27930
38811
35293
19012
58892
41534
57768
29799
21336
21539
1254
52596
34044
29534
64163
32657
35623
34728
62365
18243
13051
50170
59561
36210
39882
50700
8202
34610
50554
99
35252
42488
5842
42050
15292
62828
33209
769
48858
45011
17764
7814
8989
13851
59995
36976
55178
18592
9022
62539
6121
24679
54912
37874
4938
6610
62097
33605
6055
61458
28052
33585
31773
63489
13844
41059
24415
45077
2415
22977
52170
25995
26866
19095
25092
39853
61040
36329
18090
33957
24185
55489
62262
6835
16288
14756
30406
8287
52642
28966
11355
3402
37663
29662
31314
14121
12004
11817
40505
53792
4444
32594
10471
23766
48352
20825
46478
53721
6105
1446
43770
23872
6875
19181
54593
8549
61052
3732
16244
50167
56858
10563
36158
31829
15538
50243
54128
20644
63884
14602
33041
12136
37349
24364
49272
60177
54622
15395
1477
35572
33543
50453
32209
23799
44633
41559
15030
7128
38191
32787
20907
62207
45876
40064
25916
14610
27542
45979
5948
10658
14391
47041
41842
27466
30058
40708
65318
46550
17361
60372
40577
53952
42555
3601
51129
36000
43263
44201
49440
63373
39437
53600
19153
2064
57013
40139
39748
24344
58439
63960
26488
60219
50583
62279
34852
55599
12037
7015
15768
53798
38833
34068
24596
46646
16011
19644
27201
36299
20492
42795
64475
65337
58088
62144
29547
1953
62021
52177
37752
22517
24567
43010
55861
35669
15491
53966
36500
27162
55888
47446
23290
49304
30833
33160
12545
38992
58854
49751
47823
12846
21018
32056
43527
16077
26962
60819
8758
64174
54744
28349
29031
63106
42766
15756
27940
4750
63648
44219
35152
10029
25635
3292
2201
50810
22621
58895
12458
46036
53775
42273
61042
4111
13374
52158
52599
46207
6107
25974
4146
58983
63244
42737
23349
65317
5294
29362
2535
7979
4090
7329
30065
47412
15450
21675
18031
9221
16510
7674
11013
18974
15527
13610
54964
37801
63527
10674
8874
52950
28760
44631
7605
57557
53645
36799
15829
40226
820
14290
7011
9469
50607
24119
54034
32050
4243
19125
37044
42880
13690
64329
52556
65257
62506
17970
28524
3485
31559
13709
31154
47025
31523
63378
2177
49800
20596
49441
37428
17629
41405
27077
13334
59980
62857
44376
7871
42472
4082
18886
15990
7531
46457
23524
7088
57625
38385
48770
48529
15959
3820
59336
28722
60502
32603
3082
37587
62781
34989
46969
41844
33580
45729
47929
17763
49604
63653
10999
60393
59999
14309
18461
37158
7597
52995
62418
43018
41094
61752
35524
32522
56955
51561
43602
3143
41590
1067
10050
39797
57228
19543
41029
54804
14748
45822
21261
59370
347
33557
50975
8280
16758
10722
9994
62764
46522
20708
48247
2449
28868
4891
34530
11136
42059
4151
46349
47229
31291
39685
24442
42705
28048
5925
3036
28714
51133
60209
40872
13524
13884
64127
45030
53402
10853
2602
55170
62329
28604
37649
35019
5507
6386
31645
56280
50739
17944
56082
12102
8388
64851
62188
9413
22786
13968
54211
1063
25231
41324
59488
57174
45099
38323
50624
50543
15738
591
59278
54205
21526
14019
22660
16023
22755
45180
64422
21143
202
63908
12321
38447
28765
27380
46255
21799
24807
49068
64053
2139
37654
53786
57078
56736
50214
11030
5521
37596
29293
59075
11310
28112
61883
38889
18979
13484
21280
35054
48133
7126
12067
61585
22806
59484
28878
20717
43054
26028
21556
23428
34618
28085
10172
60699
30249
26022
19840
17070
42533
19534
1288
42320
38716
29510
48734
57471
35488
13855
61903
50356
60789
36085
35880
20938
20815
5690
2518
29100
41630
8323
64644
9955
19631
